0 0 4 20 25 24 0 15 17 0 21 8 0 14 0 6 12 9 3 16 2 7 13 23 5
5 0 19 0 0 8 0 12 9 3 16 6 7 20 17 0 21 0 14 13 0 11 4 1 15
17 14 9 6 3 0 21 5 7 0 11 0 0 1 13 4 8 0 0 0 0 12 0 0 19
16 7 21 8 0 4 2 13 11 0 5 19 15 0 12 0 0 17 0 1 9 6 0 14 3
0 0 0 12 22 14 1 18 6 16 23 9 0 4 3 7 0 0 11 2 8 24 0 21 17
0 1 11 10 0 0 13 0 0 0 7 0 8 17 21 25 19 3 4 9 0 14 2 20 18
8 0 13 0 9 16 4 25 0 2 15 3 5 11 0 14 17 0 0 0 1 10 0 0 0
4 17 14 0 0 9 3 0 21 19 0 1 24 2 23 5 0 0 0 0 16 0 0 11 0
0 3 24 15 0 0 0 0 1 7 0 13 4 6 14 16 2 0 21 8 0 0 17 0 0
0 16 2 25 5 0 8 6 14 0 9 22 0 0 19 1 0 15 7 24 3 0 0 13 4
13 0 3 5 0 2 0 14 4 0 0 15 0 19 0 0 7 0 9 0 0 16 6 8 11
14 0 0 24 0 19 16 8 15 6 0 7 0 0 0 0 0 13 17 11 0 9 5 18 0
7 0 18 11 17 0 0 21 0 9 3 4 0 0 16 2 6 0 0 0 25 0 15 10 0
2 0 0 9 21 17 0 0 10 0 8 0 14 13 0 0 0 18 15 23 0 4 1 3 20
6 0 0 19 4 13 12 3 5 1 18 11 23 21 9 0 22 16 0 0 7 17 24 2 0
21 0 0 2 0 0 0 19 3 13 0 24 0 9 4 11 0 0 0 14 0 0 0 5 25
9 24 8 13 1 6 0 4 0 12 0 14 3 0 0 0 16 22 5 19 11 0 0 15 2
23 10 0 7 0 21 5 9 0 14 0 0 16 0 11 17 1 2 0 0 0 3 0 12 0
0 5 6 14 0 1 17 2 8 24 13 0 19 0 15 0 3 0 12 4 0 0 0 16 7
3 0 17 4 0 22 15 0 0 11 0 25 0 5 2 0 18 8 24 7 0 1 14 0 13
0 6 23 22 8 15 0 1 25 4 0 2 9 3 7 13 0 11 16 0 24 5 12 17 21
0 4 5 17 14 3 7 0 0 8 0 23 11 0 25 0 9 0 1 12 13 2 18 6 0
11 12 7 0 0 23 6 17 2 21 24 18 0 15 1 0 0 5 8 3 14 0 9 4 10
18 9 0 1 0 11 0 10 0 0 4 0 0 0 5 24 23 7 6 17 15 0 3 0 8
24 21 10 0 13 0 9 10 0 5 19 17 6 0 8 0 14 4 2 18 23 0 11 7 0